[BTC-XEM]
stop-trigger: 0.000057
stop-limit: 0.000055
target-trigger: 0.00008
target: 0.00008
quantity: 50000

[BTC-XRP]
stop-trigger: 0.0068
stop-limit: 0.003
target-trigger: 0.0088
target: 0.008999
quantity: 2342

[BTC-LTC]
stop-trigger: 0.0012
stop-limit: 0.0011
target-trigger: 0.002
target: 0.002
quantity: 88888

[BTC-ETH]
stop-trigger: 0.55
stop-limit: 0.5
target-trigger: 0.8
target: 0.88
quantity: 45
