[BTC-XEM]
stop-trigger: 0.0000679
stop-limit: 0.0000675
target-trigger: 0.00009
target: 0.00009
quantity: 29124.01543384

[BTC-XRP]
stop-trigger: 0.00011
stop-limit: 0.0001
target-trigger: 0.000122
target: 0.000123
quantity: 2342

[BTC-LTC]
stop-trigger: 0.3
stop-limit: 0.3
target-trigger: 0.6
target: 0.6
quantity: 2342
