[BTC-XEM]
stop-trigger: 0.000057
stop-limit: 0.000055
target-trigger: 0.00008
target: 0.00008

[BTC-XRP]
stop-trigger: 0.000006
stop-limit: 0.000059
target-trigger: 0.0001
target: 0.0001

[BTC-LTC]
stop-trigger: 0.0012
stop-limit: 0.0011
target-trigger: 0.002
target: 0.002
